# angle_deg sharpness (peak +3.465)
-45.0000 0.00261247
-44.7500 0.00261258
-44.5000 0.00261115
-44.2500 0.00260986
-44.0000 0.00261011
-43.7500 0.00260999
-43.5000 0.00261028
-43.2500 0.00261210
-43.0000 0.00261437
-42.7500 0.00261552
-42.5000 0.00261590
-42.2500 0.00261551
-42.0000 0.00261509
-41.7500 0.00261506
-41.5000 0.00261435
-41.2500 0.00261171
-41.0000 0.00260961
-40.7500 0.00260878
-40.5000 0.00260862
-40.2500 0.00260924
-40.0000 0.00261134
-39.7500 0.00261327
-39.5000 0.00261416
-39.2500 0.00261582
-39.0000 0.00262005
-38.7500 0.00262566
-38.5000 0.00263067
-38.2500 0.00263412
-38.0000 0.00263694
-37.7500 0.00264034
-37.5000 0.00264449
-37.2500 0.00264885
-37.0000 0.00265248
-36.7500 0.00265456
-36.5000 0.00265587
-36.2500 0.00265841
-36.0000 0.00266149
-35.7500 0.00266287
-35.5000 0.00266223
-35.2500 0.00266134
-35.0000 0.00266250
-34.7500 0.00266508
-34.5000 0.00266831
-34.2500 0.00267183
-34.0000 0.00267580
-33.7500 0.00267956
-33.5000 0.00268207
-33.2500 0.00268519
-33.0000 0.00268838
-32.7500 0.00268975
-32.5000 0.00269023
-32.2500 0.00268933
-32.0000 0.00268918
-31.7500 0.00268996
-31.5000 0.00269098
-31.2500 0.00269122
-31.0000 0.00269022
-30.7500 0.00268885
-30.5000 0.00268874
-30.2500 0.00268994
-30.0000 0.00269196
-29.7500 0.00269431
-29.5000 0.00269618
-29.2500 0.00269783
-29.0000 0.00270001
-28.7500 0.00270267
-28.5000 0.00270515
-28.2500 0.00270795
-28.0000 0.00271068
-27.7500 0.00271318
-27.5000 0.00271476
-27.2500 0.00271910
-27.0000 0.00272734
-26.7500 0.00273632
-26.5000 0.00274380
-26.2500 0.00274955
-26.0000 0.00275381
-25.7500 0.00275637
-25.5000 0.00275717
-25.2500 0.00275822
-25.0000 0.00276061
-24.7500 0.00276293
-24.5000 0.00276524
-24.2500 0.00276581
-24.0000 0.00276643
-23.7500 0.00276800
-23.5000 0.00276937
-23.2500 0.00276983
-23.0000 0.00277064
-22.7500 0.00277203
-22.5000 0.00277487
-22.2500 0.00277978
-22.0000 0.00278545
-21.7500 0.00279196
-21.5000 0.00280000
-21.2500 0.00280893
-21.0000 0.00281801
-20.7500 0.00282425
-20.5000 0.00282653
-20.2500 0.00282703
-20.0000 0.00282699
-19.7500 0.00282996
-19.5000 0.00283756
-19.2500 0.00285246
-19.0000 0.00286745
-18.7500 0.00287518
-18.5000 0.00287790
-18.2500 0.00288044
-18.0000 0.00288578
-17.7500 0.00288941
-17.5000 0.00289260
-17.2500 0.00289420
-17.0000 0.00289118
-16.7500 0.00288878
-16.5000 0.00288930
-16.2500 0.00289072
-16.0000 0.00289051
-15.7500 0.00289032
-15.5000 0.00289327
-15.2500 0.00290062
-15.0000 0.00291053
-14.7500 0.00291979
-14.5000 0.00292393
-14.2500 0.00292094
-14.0000 0.00291393
-13.7500 0.00291143
-13.5000 0.00291519
-13.2500 0.00292119
-13.0000 0.00292785
-12.7500 0.00293158
-12.5000 0.00293249
-12.2500 0.00293615
-12.0000 0.00294024
-11.7500 0.00294393
-11.5000 0.00294840
-11.2500 0.00295408
-11.0000 0.00295974
-10.7500 0.00296296
-10.5000 0.00296565
-10.2500 0.00296973
-10.0000 0.00297408
-9.7500 0.00297819
-9.5000 0.00298257
-9.2500 0.00298691
-9.0000 0.00299269
-8.7500 0.00299939
-8.5000 0.00300666
-8.2500 0.00301561
-8.0000 0.00302623
-7.7500 0.00303702
-7.5000 0.00304757
-7.2500 0.00305963
-7.0000 0.00307426
-6.7500 0.00309022
-6.5000 0.00310329
-6.2500 0.00311643
-6.0000 0.00313132
-5.7500 0.00314548
-5.5000 0.00316060
-5.2500 0.00317907
-5.0000 0.00319934
-4.7500 0.00321976
-4.5000 0.00324279
-4.2500 0.00326993
-4.0000 0.00329614
-3.7500 0.00331755
-3.5000 0.00333684
-3.2500 0.00334987
-3.0000 0.00335910
-2.7500 0.00336912
-2.5000 0.00337904
-2.2500 0.00338828
-2.0000 0.00340312
-1.7500 0.00341859
-1.5000 0.00343403
-1.2500 0.00344227
-1.0000 0.00344043
-0.7500 0.00342751
-0.5000 0.00341711
-0.2500 0.00341284
0.0000 0.00340907
0.2500 0.00342622
0.5000 0.00343571
0.7500 0.00343682
1.0000 0.00344049
1.2500 0.00344853
1.5000 0.00345809
1.7500 0.00347302
2.0000 0.00349356
2.2500 0.00351777
2.5000 0.00354603
2.7500 0.00357903
3.0000 0.00361319
3.2500 0.00364054
3.5000 0.00364862
3.7500 0.00363420
4.0000 0.00359672
4.2500 0.00354331
4.5000 0.00348862
4.7500 0.00343972
5.0000 0.00339864
5.2500 0.00336377
5.5000 0.00333312
5.7500 0.00330363
6.0000 0.00327589
6.2500 0.00325453
6.5000 0.00323690
6.7500 0.00322008
7.0000 0.00320676
7.2500 0.00319165
7.5000 0.00317399
7.7500 0.00315397
8.0000 0.00312915
8.2500 0.00310017
8.5000 0.00306962
8.7500 0.00304064
9.0000 0.00301351
9.2500 0.00299118
9.5000 0.00297133
9.7500 0.00295271
10.0000 0.00293520
10.2500 0.00292092
10.5000 0.00290581
10.7500 0.00289223
11.0000 0.00288102
11.2500 0.00287164
11.5000 0.00286383
11.7500 0.00285611
12.0000 0.00284856
12.2500 0.00284049
12.5000 0.00283510
12.7500 0.00283110
13.0000 0.00282652
13.2500 0.00281999
13.5000 0.00281459
13.7500 0.00281061
14.0000 0.00280631
14.2500 0.00280031
14.5000 0.00279494
14.7500 0.00279003
15.0000 0.00278381
15.2500 0.00277557
15.5000 0.00277011
15.7500 0.00276671
16.0000 0.00276202
16.2500 0.00275636
16.5000 0.00275038
16.7500 0.00274537
17.0000 0.00274066
17.2500 0.00273674
17.5000 0.00273256
17.7500 0.00272941
18.0000 0.00272746
18.2500 0.00272727
18.5000 0.00272787
18.7500 0.00272823
19.0000 0.00272803
19.2500 0.00272724
19.5000 0.00272490
19.7500 0.00272037
20.0000 0.00271396
20.2500 0.00270874
20.5000 0.00270287
20.7500 0.00269646
21.0000 0.00268988
21.2500 0.00268338
21.5000 0.00267720
21.7500 0.00267208
22.0000 0.00266965
22.2500 0.00266860
22.5000 0.00266912
22.7500 0.00266878
23.0000 0.00266766
23.2500 0.00266641
23.5000 0.00266540
23.7500 0.00266329
24.0000 0.00266228
24.2500 0.00266284
24.5000 0.00266241
24.7500 0.00266143
25.0000 0.00265893
25.2500 0.00265737
25.5000 0.00265623
25.7500 0.00265379
26.0000 0.00265129
26.2500 0.00264838
26.5000 0.00264550
26.7500 0.00264269
27.0000 0.00264061
27.2500 0.00263749
27.5000 0.00263457
27.7500 0.00263038
28.0000 0.00262448
28.2500 0.00261940
28.5000 0.00261619
28.7500 0.00261544
29.0000 0.00261499
29.2500 0.00261478
29.5000 0.00261539
29.7500 0.00261588
30.0000 0.00261686
30.2500 0.00261862
30.5000 0.00261971
30.7500 0.00261989
31.0000 0.00261942
31.2500 0.00261970
31.5000 0.00262005
31.7500 0.00262135
32.0000 0.00262219
32.2500 0.00262115
32.5000 0.00261904
32.7500 0.00261576
33.0000 0.00261304
33.2500 0.00261201
33.5000 0.00261235
33.7500 0.00261312
34.0000 0.00261358
34.2500 0.00261443
34.5000 0.00261601
34.7500 0.00261649
35.0000 0.00261555
35.2500 0.00261511
35.5000 0.00261563
35.7500 0.00261508
36.0000 0.00261412
36.2500 0.00261375
36.5000 0.00261302
36.7500 0.00261236
37.0000 0.00261245
37.2500 0.00261170
37.5000 0.00261178
37.7500 0.00261426
38.0000 0.00261669
38.2500 0.00261803
38.5000 0.00261844
38.7500 0.00261845
39.0000 0.00261765
39.2500 0.00261620
39.5000 0.00261347
39.7500 0.00261161
40.0000 0.00261121
40.2500 0.00261188
40.5000 0.00261392
40.7500 0.00261553
41.0000 0.00261673
41.2500 0.00261712
41.5000 0.00261678
41.7500 0.00261552
42.0000 0.00261357
42.2500 0.00261143
42.5000 0.00260961
42.7500 0.00260811
43.0000 0.00260737
43.2500 0.00260787
43.5000 0.00261016
43.7500 0.00261159
44.0000 0.00261043
44.2500 0.00260907
44.5000 0.00260894
44.7500 0.00260940
45.0000 0.00261248
