# angle_deg sharpness (peak +3.568)
-45.0000 0.00262557
-44.7500 0.00262376
-44.5000 0.00262398
-44.2500 0.00262297
-44.0000 0.00262257
-43.7500 0.00262149
-43.5000 0.00261944
-43.2500 0.00261718
-43.0000 0.00261494
-42.7500 0.00261491
-42.5000 0.00261609
-42.2500 0.00261625
-42.0000 0.00261569
-41.7500 0.00261376
-41.5000 0.00261364
-41.2500 0.00261326
-41.0000 0.00261319
-40.7500 0.00261216
-40.5000 0.00261116
-40.2500 0.00261046
-40.0000 0.00261191
-39.7500 0.00261474
-39.5000 0.00261893
-39.2500 0.00262299
-39.0000 0.00262565
-38.7500 0.00262755
-38.5000 0.00262970
-38.2500 0.00263167
-38.0000 0.00263407
-37.7500 0.00263770
-37.5000 0.00264144
-37.2500 0.00264460
-37.0000 0.00264755
-36.7500 0.00265056
-36.5000 0.00265344
-36.2500 0.00265606
-36.0000 0.00265919
-35.7500 0.00266348
-35.5000 0.00266891
-35.2500 0.00267257
-35.0000 0.00267305
-34.7500 0.00267158
-34.5000 0.00267092
-34.2500 0.00267286
-34.0000 0.00267608
-33.7500 0.00267882
-33.5000 0.00268138
-33.2500 0.00268470
-33.0000 0.00268971
-32.7500 0.00269455
-32.5000 0.00269828
-32.2500 0.00270030
-32.0000 0.00270191
-31.7500 0.00270265
-31.5000 0.00270199
-31.2500 0.00269980
-31.0000 0.00269705
-30.7500 0.00269496
-30.5000 0.00269347
-30.2500 0.00269185
-30.0000 0.00269000
-29.7500 0.00268834
-29.5000 0.00268745
-29.2500 0.00268730
-29.0000 0.00268854
-28.7500 0.00269067
-28.5000 0.00269347
-28.2500 0.00269634
-28.0000 0.00269905
-27.7500 0.00270334
-27.5000 0.00270765
-27.2500 0.00271201
-27.0000 0.00271723
-26.7500 0.00272349
-26.5000 0.00272958
-26.2500 0.00273570
-26.0000 0.00274066
-25.7500 0.00274660
-25.5000 0.00275394
-25.2500 0.00276104
-25.0000 0.00276757
-24.7500 0.00277480
-24.5000 0.00278178
-24.2500 0.00278770
-24.0000 0.00279091
-23.7500 0.00279058
-23.5000 0.00278758
-23.2500 0.00278434
-23.0000 0.00278294
-22.7500 0.00278314
-22.5000 0.00278432
-22.2500 0.00278804
-22.0000 0.00279282
-21.7500 0.00279779
-21.5000 0.00280366
-21.2500 0.00281007
-21.0000 0.00281656
-20.7500 0.00282437
-20.5000 0.00283241
-20.2500 0.00283854
-20.0000 0.00283959
-19.7500 0.00283783
-19.5000 0.00283965
-19.2500 0.00284941
-19.0000 0.00286227
-18.7500 0.00287319
-18.5000 0.00287664
-18.2500 0.00287738
-18.0000 0.00287965
-17.7500 0.00287934
-17.5000 0.00288120
-17.2500 0.00288803
-17.0000 0.00289394
-16.7500 0.00289672
-16.5000 0.00289774
-16.2500 0.00289601
-16.0000 0.00289001
-15.7500 0.00288263
-15.5000 0.00288059
-15.2500 0.00288271
-15.0000 0.00288624
-14.7500 0.00289293
-14.5000 0.00290179
-14.2500 0.00290782
-14.0000 0.00290893
-13.7500 0.00290873
-13.5000 0.00290770
-13.2500 0.00290401
-13.0000 0.00289930
-12.7500 0.00289609
-12.5000 0.00289536
-12.2500 0.00289587
-12.0000 0.00289814
-11.7500 0.00290167
-11.5000 0.00290557
-11.2500 0.00291080
-11.0000 0.00291791
-10.7500 0.00292612
-10.5000 0.00293198
-10.2500 0.00293509
-10.0000 0.00293689
-9.7500 0.00294018
-9.5000 0.00294392
-9.2500 0.00294895
-9.0000 0.00295511
-8.7500 0.00296388
-8.5000 0.00297451
-8.2500 0.00298618
-8.0000 0.00299888
-7.7500 0.00301341
-7.5000 0.00303054
-7.2500 0.00304871
-7.0000 0.00306828
-6.7500 0.00308888
-6.5000 0.00311228
-6.2500 0.00313668
-6.0000 0.00315999
-5.7500 0.00317978
-5.5000 0.00319595
-5.2500 0.00320946
-5.0000 0.00322083
-4.7500 0.00323217
-4.5000 0.00324744
-4.2500 0.00326214
-4.0000 0.00327657
-3.7500 0.00329370
-3.5000 0.00331064
-3.2500 0.00332510
-3.0000 0.00333498
-2.7500 0.00334283
-2.5000 0.00335259
-2.2500 0.00336452
-2.0000 0.00337672
-1.7500 0.00338893
-1.5000 0.00339652
-1.2500 0.00340719
-1.0000 0.00341721
-0.7500 0.00341787
-0.5000 0.00341493
-0.2500 0.00340960
0.0000 0.00339909
0.2500 0.00340577
0.5000 0.00340605
0.7500 0.00340658
1.0000 0.00340562
1.2500 0.00340728
1.5000 0.00341145
1.7500 0.00341679
2.0000 0.00342731
2.2500 0.00344612
2.5000 0.00347136
2.7500 0.00349764
3.0000 0.00352333
3.2500 0.00354569
3.5000 0.00355933
3.7500 0.00355531
4.0000 0.00353131
4.2500 0.00349255
4.5000 0.00344877
4.7500 0.00340469
5.0000 0.00336476
5.2500 0.00332926
5.5000 0.00329918
5.7500 0.00327311
6.0000 0.00324900
6.2500 0.00322544
6.5000 0.00320525
6.7500 0.00318496
7.0000 0.00316308
7.2500 0.00314256
7.5000 0.00312160
7.7500 0.00310133
8.0000 0.00307607
8.2500 0.00304913
8.5000 0.00302062
8.7500 0.00299227
9.0000 0.00296510
9.2500 0.00293914
9.5000 0.00291731
9.7500 0.00289945
10.0000 0.00288415
10.2500 0.00287125
10.5000 0.00286140
10.7500 0.00285300
11.0000 0.00284765
11.2500 0.00284254
11.5000 0.00283721
11.7500 0.00283299
12.0000 0.00282936
12.2500 0.00282419
12.5000 0.00281966
12.7500 0.00281663
13.0000 0.00281120
13.2500 0.00280860
13.5000 0.00280614
13.7500 0.00280246
14.0000 0.00279731
14.2500 0.00279235
14.5000 0.00278730
14.7500 0.00278210
15.0000 0.00277901
15.2500 0.00277705
15.5000 0.00277337
15.7500 0.00276924
16.0000 0.00276496
16.2500 0.00276054
16.5000 0.00275481
16.7500 0.00274697
17.0000 0.00274012
17.2500 0.00273398
17.5000 0.00272950
17.7500 0.00272817
18.0000 0.00272677
18.2500 0.00272361
18.5000 0.00272047
18.7500 0.00271729
19.0000 0.00271434
19.2500 0.00271119
19.5000 0.00271027
19.7500 0.00270912
20.0000 0.00270538
20.2500 0.00270055
20.5000 0.00269582
20.7500 0.00269152
21.0000 0.00268779
21.2500 0.00268477
21.5000 0.00268160
21.7500 0.00267865
22.0000 0.00267709
22.2500 0.00267489
22.5000 0.00267276
22.7500 0.00267092
23.0000 0.00266809
23.2500 0.00266592
23.5000 0.00266392
23.7500 0.00266321
24.0000 0.00266440
24.2500 0.00266568
24.5000 0.00266648
24.7500 0.00266841
25.0000 0.00267000
25.2500 0.00267023
25.5000 0.00267076
25.7500 0.00267044
26.0000 0.00266898
26.2500 0.00266713
26.5000 0.00266433
26.7500 0.00266050
27.0000 0.00265671
27.2500 0.00265316
27.5000 0.00264924
27.7500 0.00264489
28.0000 0.00264037
28.2500 0.00263557
28.5000 0.00263228
28.7500 0.00263076
29.0000 0.00262899
29.2500 0.00262810
29.5000 0.00262770
29.7500 0.00262698
30.0000 0.00262689
30.2500 0.00262678
30.5000 0.00262520
30.7500 0.00262261
31.0000 0.00262207
31.2500 0.00262392
31.5000 0.00262568
31.7500 0.00262590
32.0000 0.00262535
32.2500 0.00262522
32.5000 0.00262267
32.7500 0.00261982
33.0000 0.00261903
33.2500 0.00261924
33.5000 0.00261916
33.7500 0.00261896
34.0000 0.00261900
34.2500 0.00261930
34.5000 0.00261754
34.7500 0.00261488
35.0000 0.00261324
35.2500 0.00261241
35.5000 0.00261180
35.7500 0.00261183
36.0000 0.00261279
36.2500 0.00261407
36.5000 0.00261540
36.7500 0.00261654
37.0000 0.00261668
37.2500 0.00261570
37.5000 0.00261502
37.7500 0.00261511
38.0000 0.00261547
38.2500 0.00261634
38.5000 0.00261769
38.7500 0.00261837
39.0000 0.00261812
39.2500 0.00261655
39.5000 0.00261401
39.7500 0.00261155
40.0000 0.00261144
40.2500 0.00261239
40.5000 0.00261200
40.7500 0.00261033
41.0000 0.00260897
41.2500 0.00260853
41.5000 0.00260718
41.7500 0.00260683
42.0000 0.00260793
42.2500 0.00260797
42.5000 0.00260828
42.7500 0.00261004
43.0000 0.00261227
43.2500 0.00261366
43.5000 0.00261527
43.7500 0.00261857
44.0000 0.00262281
44.2500 0.00262534
44.5000 0.00262591
44.7500 0.00262622
45.0000 0.00262557
